[
    [
        0.0,
        0.42342342342342343,
        0.2549019607843137,
        0.1875,
        0.1875,
        0.59375,
        0.6260162601626016,
        0.2941176470588235,
        0.7642276422764227,
        0.7642276422764227,
        0.7320574162679425,
        0.7058823529411764,
        0.6595744680851063,
        0.6595744680851063,
        0.6595744680851063,
        0.6595744680851063,
        0.6595744680851063,
        0.6595744680851063,
        0.6595744680851063,
        0.6595744680851063,
        0.6756756756756757,
        0.7410714285714286,
        0.6595744680851063,
        0.6595744680851063,
        0.6595744680851063,
        0.6666666666666667,
        0.6535433070866141,
        0.641025641025641,
        0.6086956521739131,
        0.6086956521739131,
        0.6086956521739131,
        0.6086956521739131,
        0.6086956521739131,
        0.6086956521739131,
        0.6086956521739131,
        0.6086956521739131,
        0.6086956521739131,
        0.6086956521739131,
        0.6086956521739131,
        0.6086956521739131,
        0.6086956521739131,
        0.4358974358974359,
        0.36734693877551017,
        0.7416267942583732,
        0.07407407407407407,
        0.59375,
        0.3137254901960784,
        0.6595744680851063,
        0.6086956521739131,
        0.6086956521739131,
        0.6086956521739131,
        0.6086956521739131,
        0.6086956521739131,
        0.6086956521739131,
        0.6086956521739131,
        0.6086956521739131,
        0.6086956521739131,
        0.6086956521739131,
        0.6086956521739131,
        0.6086956521739131,
        0.6086956521739131,
        0.6086956521739131,
        0.5267175572519084,
        0.27083333333333337,
        0.7320574162679425,
        0.7320574162679425,
        0.6086956521739131,
        0.6086956521739131,
        0.6086956521739131,
        0.6086956521739131,
        0.6086956521739131,
        0.6086956521739131,
        0.6086956521739131,
        0.6086956521739131,
        0.6086956521739131,
        0.6086956521739131,
        0.6086956521739131,
        0.6086956521739131,
        0.6086956521739131,
        0.6086956521739131,
        0.6086956521739131,
        0.6086956521739131,
        0.6086956521739131,
        0.6086956521739131,
        0.6086956521739131,
        0.6086956521739131,
        0.6086956521739131,
        0.6086956521739131,
        0.6086956521739131,
        0.6086956521739131,
        0.6086956521739131,
        0.6086956521739131,
        0.6086956521739131,
        0.6086956521739131,
        0.6086956521739131,
        0.6086956521739131,
        0.6086956521739131,
        0.6086956521739131,
        0.6086956521739131,
        0.6086956521739131,
        0.6086956521739131,
        0.6086956521739131,
        0.6086956521739131,
        0.6086956521739131,
        0.4339622641509434,
        0.09259259259259256,
        0.6396396396396397,
        0.6396396396396397,
        0.27450980392156865,
        0.42342342342342343
    ],
    [
        0.42342342342342343,
        0.0,
        0.4095238095238095,
        0.29292929292929293,
        0.29292929292929293,
        0.6488549618320612,
        0.6666666666666667,
        0.4285714285714286,
        0.751004016064257,
        0.751004016064257,
        0.7547169811320755,
        0.7266187050359711,
        0.6288659793814433,
        0.6288659793814433,
        0.6288659793814433,
        0.6288659793814433,
        0.6288659793814433,
        0.6288659793814433,
        0.6288659793814433,
        0.6288659793814433,
        0.7017543859649122,
        0.7444933920704846,
        0.6288659793814433,
        0.6288659793814433,
        0.6288659793814433,
        0.7073170731707317,
        0.6923076923076923,
        0.6790123456790124,
        0.6421052631578947,
        0.6421052631578947,
        0.6421052631578947,
        0.6421052631578947,
        0.6421052631578947,
        0.6421052631578947,
        0.6421052631578947,
        0.6421052631578947,
        0.6421052631578947,
        0.6421052631578947,
        0.6421052631578947,
        0.6421052631578947,
        0.6421052631578947,
        0.1333333333333333,
        0.4257425742574258,
        0.7547169811320755,
        0.4414414414414415,
        0.6488549618320612,
        0.4095238095238095,
        0.6288659793814433,
        0.6421052631578947,
        0.6421052631578947,
        0.6421052631578947,
        0.6421052631578947,
        0.6421052631578947,
        0.6421052631578947,
        0.6421052631578947,
        0.6421052631578947,
        0.6421052631578947,
        0.6421052631578947,
        0.6421052631578947,
        0.6421052631578947,
        0.6421052631578947,
        0.6421052631578947,
        0.4328358208955224,
        0.2727272727272727,
        0.7547169811320755,
        0.7547169811320755,
        0.6421052631578947,
        0.6421052631578947,
        0.6421052631578947,
        0.6421052631578947,
        0.6421052631578947,
        0.6421052631578947,
        0.6421052631578947,
        0.6421052631578947,
        0.6421052631578947,
        0.6421052631578947,
        0.6421052631578947,
        0.6421052631578947,
        0.6421052631578947,
        0.6421052631578947,
        0.6421052631578947,
        0.6421052631578947,
        0.6421052631578947,
        0.6421052631578947,
        0.6421052631578947,
        0.6421052631578947,
        0.6421052631578947,
        0.6421052631578947,
        0.6421052631578947,
        0.6421052631578947,
        0.6421052631578947,
        0.6421052631578947,
        0.6421052631578947,
        0.6421052631578947,
        0.6421052631578947,
        0.6421052631578947,
        0.6421052631578947,
        0.6421052631578947,
        0.6421052631578947,
        0.6421052631578947,
        0.6421052631578947,
        0.6421052631578947,
        0.6421052631578947,
        0.6421052631578947,
        0.4128440366972477,
        0.42342342342342343,
        0.6666666666666667,
        0.6666666666666667,
        0.4095238095238095,
        0.01754385964912286
    ],
    [
        0.2549019607843137,
        0.4095238095238095,
        0.0,
        0.19999999999999996,
        0.19999999999999996,
        0.639344262295082,
        0.6581196581196581,
        0.10416666666666663,
        0.8083333333333333,
        0.8083333333333333,
        0.7733990147783252,
        0.7384615384615385,
        0.6363636363636364,
        0.6363636363636364,
        0.6363636363636364,
        0.6363636363636364,
        0.6363636363636364,
        0.6363636363636364,
        0.6363636363636364,
        0.6363636363636364,
        0.6761904761904762,
        0.7981651376146789,
        0.6363636363636364,
        0.6363636363636364,
        0.6363636363636364,
        0.6842105263157895,
        0.71900826446281,
        0.6666666666666667,
        0.6046511627906976,
        0.6046511627906976,
        0.6046511627906976,
        0.6046511627906976,
        0.6046511627906976,
        0.6046511627906976,
        0.6046511627906976,
        0.6046511627906976,
        0.6046511627906976,
        0.6046511627906976,
        0.6046511627906976,
        0.6046511627906976,
        0.6046511627906976,
        0.26126126126126126,
        0.15217391304347827,
        0.7733990147783252,
        0.3137254901960784,
        0.639344262295082,
        0.08333333333333337,
        0.6363636363636364,
        0.6046511627906976,
        0.6046511627906976,
        0.6046511627906976,
        0.6046511627906976,
        0.6046511627906976,
        0.6046511627906976,
        0.6046511627906976,
        0.6046511627906976,
        0.6046511627906976,
        0.6046511627906976,
        0.6046511627906976,
        0.6046511627906976,
        0.6046511627906976,
        0.6046511627906976,
        0.52,
        0.2222222222222222,
        0.7733990147783252,
        0.7733990147783252,
        0.6046511627906976,
        0.6046511627906976,
        0.6046511627906976,
        0.6046511627906976,
        0.6046511627906976,
        0.6046511627906976,
        0.6046511627906976,
        0.6046511627906976,
        0.6046511627906976,
        0.6046511627906976,
        0.6046511627906976,
        0.6046511627906976,
        0.6046511627906976,
        0.6046511627906976,
        0.6046511627906976,
        0.6046511627906976,
        0.6046511627906976,
        0.6046511627906976,
        0.6046511627906976,
        0.6046511627906976,
        0.6046511627906976,
        0.6046511627906976,
        0.6046511627906976,
        0.6046511627906976,
        0.6046511627906976,
        0.6046511627906976,
        0.6046511627906976,
        0.6046511627906976,
        0.6046511627906976,
        0.6046511627906976,
        0.6046511627906976,
        0.6046511627906976,
        0.6046511627906976,
        0.6046511627906976,
        0.6046511627906976,
        0.6046511627906976,
        0.6046511627906976,
        0.6046511627906976,
        0.24,
        0.3137254901960784,
        0.6,
        0.6,
        0.08333333333333337,
        0.4095238095238095
    ],
    [
        0.1875,
        0.29292929292929293,
        0.19999999999999996,
        0.0,
        0.0,
        0.6551724137931034,
        0.6756756756756757,
        0.24444444444444446,
        0.8034188034188035,
        0.8034188034188035,
        0.7766497461928934,
        0.7419354838709677,
        0.6341463414634146,
        0.6341463414634146,
        0.6341463414634146,
        0.6341463414634146,
        0.6341463414634146,
        0.6341463414634146,
        0.6341463414634146,
        0.6341463414634146,
        0.696969696969697,
        0.7830188679245282,
        0.6341463414634146,
        0.6341463414634146,
        0.6341463414634146,
        0.7037037037037037,
        0.7217391304347827,
        0.6060606060606061,
        0.65,
        0.65,
        0.65,
        0.65,
        0.65,
        0.65,
        0.65,
        0.65,
        0.65,
        0.65,
        0.65,
        0.65,
        0.65,
        0.4095238095238095,
        0.32558139534883723,
        0.7868020304568528,
        0.27083333333333337,
        0.6551724137931034,
        0.2666666666666667,
        0.6341463414634146,
        0.65,
        0.65,
        0.65,
        0.65,
        0.65,
        0.65,
        0.65,
        0.65,
        0.65,
        0.65,
        0.65,
        0.65,
        0.65,
        0.65,
        0.4285714285714286,
        0.09523809523809523,
        0.7766497461928934,
        0.7766497461928934,
        0.65,
        0.65,
        0.65,
        0.65,
        0.65,
        0.65,
        0.65,
        0.65,
        0.65,
        0.65,
        0.65,
        0.65,
        0.65,
        0.65,
        0.65,
        0.65,
        0.65,
        0.65,
        0.65,
        0.65,
        0.65,
        0.65,
        0.65,
        0.65,
        0.65,
        0.65,
        0.65,
        0.65,
        0.65,
        0.65,
        0.65,
        0.65,
        0.65,
        0.65,
        0.65,
        0.65,
        0.65,
        0.65,
        0.4042553191489362,
        0.29166666666666663,
        0.6565656565656566,
        0.6565656565656566,
        0.2222222222222222,
        0.29292929292929293
    ],
    [
        0.1875,
        0.29292929292929293,
        0.19999999999999996,
        0.0,
        0.0,
        0.6551724137931034,
        0.6756756756756757,
        0.24444444444444446,
        0.8034188034188035,
        0.8034188034188035,
        0.7766497461928934,
        0.7419354838709677,
        0.6341463414634146,
        0.6341463414634146,
        0.6341463414634146,
        0.6341463414634146,
        0.6341463414634146,
        0.6341463414634146,
        0.6341463414634146,
        0.6341463414634146,
        0.696969696969697,
        0.7830188679245282,
        0.6341463414634146,
        0.6341463414634146,
        0.6341463414634146,
        0.7037037037037037,
        0.7217391304347827,
        0.6060606060606061,
        0.65,
        0.65,
        0.65,
        0.65,
        0.65,
        0.65,
        0.65,
        0.65,
        0.65,
        0.65,
        0.65,
        0.65,
        0.65,
        0.4095238095238095,
        0.32558139534883723,
        0.7868020304568528,
        0.27083333333333337,
        0.6551724137931034,
        0.2666666666666667,
        0.6341463414634146,
        0.65,
        0.65,
        0.65,
        0.65,
        0.65,
        0.65,
        0.65,
        0.65,
        0.65,
        0.65,
        0.65,
        0.65,
        0.65,
        0.65,
        0.4285714285714286,
        0.09523809523809523,
        0.7766497461928934,
        0.7766497461928934,
        0.65,
        0.65,
        0.65,
        0.65,
        0.65,
        0.65,
        0.65,
        0.65,
        0.65,
        0.65,
        0.65,
        0.65,
        0.65,
        0.65,
        0.65,
        0.65,
        0.65,
        0.65,
        0.65,
        0.65,
        0.65,
        0.65,
        0.65,
        0.65,
        0.65,
        0.65,
        0.65,
        0.65,
        0.65,
        0.65,
        0.65,
        0.65,
        0.65,
        0.65,
        0.65,
        0.65,
        0.65,
        0.65,
        0.4042553191489362,
        0.29166666666666663,
        0.6565656565656566,
        0.6565656565656566,
        0.2222222222222222,
        0.29292929292929293
    ],
    [
        0.59375,
        0.6488549618320612,
        0.639344262295082,
        0.6551724137931034,
        0.6551724137931034,
        0.0,
        0.6223776223776224,
        0.639344262295082,
        0.7443609022556391,
        0.7443609022556391,
        0.7641921397379913,
        0.717948717948718,
        0.6842105263157895,
        0.6842105263157895,
        0.6842105263157895,
        0.6842105263157895,
        0.6842105263157895,
        0.6842105263157895,
        0.6842105263157895,
        0.6842105263157895,
        0.6641221374045801,
        0.7459016393442623,
        0.6842105263157895,
        0.6842105263157895,
        0.6842105263157895,
        0.6285714285714286,
        0.6870748299319728,
        0.7346938775510203,
        0.625,
        0.625,
        0.625,
        0.625,
        0.625,
        0.625,
        0.625,
        0.625,
        0.625,
        0.625,
        0.625,
        0.625,
        0.625,
        0.635036496350365,
        0.6271186440677966,
        0.7641921397379913,
        0.59375,
        0.08108108108108103,
        0.639344262295082,
        0.6842105263157895,
        0.625,
        0.625,
        0.625,
        0.625,
        0.625,
        0.625,
        0.625,
        0.625,
        0.625,
        0.625,
        0.625,
        0.625,
        0.625,
        0.625,
        0.6821192052980132,
        0.6551724137931034,
        0.7641921397379913,
        0.7641921397379913,
        0.625,
        0.625,
        0.625,
        0.625,
        0.625,
        0.625,
        0.625,
        0.625,
        0.625,
        0.625,
        0.625,
        0.625,
        0.625,
        0.625,
        0.625,
        0.625,
        0.625,
        0.625,
        0.625,
        0.625,
        0.625,
        0.625,
        0.625,
        0.625,
        0.625,
        0.625,
        0.625,
        0.625,
        0.625,
        0.625,
        0.625,
        0.625,
        0.625,
        0.625,
        0.625,
        0.625,
        0.625,
        0.625,
        0.6190476190476191,
        0.59375,
        0.5877862595419847,
        0.5877862595419847,
        0.639344262295082,
        0.6488549618320612
    ],
    [
        0.6260162601626016,
        0.6666666666666667,
        0.6581196581196581,
        0.6756756756756757,
        0.6756756756756757,
        0.6223776223776224,
        0.0,
        0.6752136752136753,
        0.7547892720306514,
        0.7547892720306514,
        0.7589285714285714,
        0.7086092715231789,
        0.6697247706422018,
        0.6697247706422018,
        0.6697247706422018,
        0.6697247706422018,
        0.6697247706422018,
        0.6697247706422018,
        0.6697247706422018,
        0.6697247706422018,
        0.6349206349206349,
        0.7322175732217573,
        0.6697247706422018,
        0.6697247706422018,
        0.6697247706422018,
        0.5703703703703704,
        0.6901408450704225,
        0.7204301075268817,
        0.6448598130841121,
        0.6448598130841121,
        0.6448598130841121,
        0.6448598130841121,
        0.6448598130841121,
        0.6448598130841121,
        0.6448598130841121,
        0.6448598130841121,
        0.6448598130841121,
        0.6448598130841121,
        0.6448598130841121,
        0.6448598130841121,
        0.6448598130841121,
        0.6666666666666667,
        0.663716814159292,
        0.7589285714285714,
        0.6097560975609756,
        0.6083916083916083,
        0.6581196581196581,
        0.6697247706422018,
        0.6448598130841121,
        0.6448598130841121,
        0.6448598130841121,
        0.6448598130841121,
        0.6448598130841121,
        0.6448598130841121,
        0.6448598130841121,
        0.6448598130841121,
        0.6448598130841121,
        0.6448598130841121,
        0.6448598130841121,
        0.6448598130841121,
        0.6448598130841121,
        0.6448598130841121,
        0.6712328767123288,
        0.6756756756756757,
        0.7589285714285714,
        0.7589285714285714,
        0.6448598130841121,
        0.6448598130841121,
        0.6448598130841121,
        0.6448598130841121,
        0.6448598130841121,
        0.6448598130841121,
        0.6448598130841121,
        0.6448598130841121,
        0.6448598130841121,
        0.6448598130841121,
        0.6448598130841121,
        0.6448598130841121,
        0.6448598130841121,
        0.6448598130841121,
        0.6448598130841121,
        0.6448598130841121,
        0.6448598130841121,
        0.6448598130841121,
        0.6448598130841121,
        0.6448598130841121,
        0.6448598130841121,
        0.6448598130841121,
        0.6448598130841121,
        0.6448598130841121,
        0.6448598130841121,
        0.6448598130841121,
        0.6448598130841121,
        0.6448598130841121,
        0.6448598130841121,
        0.6448598130841121,
        0.6448598130841121,
        0.6448598130841121,
        0.6448598130841121,
        0.6448598130841121,
        0.6448598130841121,
        0.6448598130841121,
        0.6448598130841121,
        0.6448598130841121,
        0.6528925619834711,
        0.6097560975609756,
        0.6031746031746033,
        0.6031746031746033,
        0.6581196581196581,
        0.6666666666666667
    ],
    [
        0.2941176470588235,
        0.4285714285714286,
        0.10416666666666663,
        0.24444444444444446,
        0.24444444444444446,
        0.639344262295082,
        0.6752136752136753,
        0.0,
        0.8,
        0.8,
        0.7733990147783252,
        0.7230769230769231,
        0.6363636363636364,
        0.6363636363636364,
        0.6363636363636364,
        0.6363636363636364,
        0.6363636363636364,
        0.6363636363636364,
        0.6363636363636364,
        0.6363636363636364,
        0.6761904761904762,
        0.7981651376146789,
        0.6363636363636364,
        0.6363636363636364,
        0.6363636363636364,
        0.6842105263157895,
        0.71900826446281,
        0.6666666666666667,
        0.6046511627906976,
        0.6046511627906976,
        0.6046511627906976,
        0.6046511627906976,
        0.6046511627906976,
        0.6046511627906976,
        0.6046511627906976,
        0.6046511627906976,
        0.6046511627906976,
        0.6046511627906976,
        0.6046511627906976,
        0.6046511627906976,
        0.6046511627906976,
        0.2792792792792793,
        0.17391304347826086,
        0.7733990147783252,
        0.3137254901960784,
        0.639344262295082,
        0.125,
        0.6363636363636364,
        0.6046511627906976,
        0.6046511627906976,
        0.6046511627906976,
        0.6046511627906976,
        0.6046511627906976,
        0.6046511627906976,
        0.6046511627906976,
        0.6046511627906976,
        0.6046511627906976,
        0.6046511627906976,
        0.6046511627906976,
        0.6046511627906976,
        0.6046511627906976,
        0.6046511627906976,
        0.536,
        0.2666666666666667,
        0.7733990147783252,
        0.7733990147783252,
        0.6046511627906976,
        0.6046511627906976,
        0.6046511627906976,
        0.6046511627906976,
        0.6046511627906976,
        0.6046511627906976,
        0.6046511627906976,
        0.6046511627906976,
        0.6046511627906976,
        0.6046511627906976,
        0.6046511627906976,
        0.6046511627906976,
        0.6046511627906976,
        0.6046511627906976,
        0.6046511627906976,
        0.6046511627906976,
        0.6046511627906976,
        0.6046511627906976,
        0.6046511627906976,
        0.6046511627906976,
        0.6046511627906976,
        0.6046511627906976,
        0.6046511627906976,
        0.6046511627906976,
        0.6046511627906976,
        0.6046511627906976,
        0.6046511627906976,
        0.6046511627906976,
        0.6046511627906976,
        0.6046511627906976,
        0.6046511627906976,
        0.6046511627906976,
        0.6046511627906976,
        0.6046511627906976,
        0.6046511627906976,
        0.6046511627906976,
        0.6046511627906976,
        0.6046511627906976,
        0.21999999999999997,
        0.3137254901960784,
        0.6190476190476191,
        0.6190476190476191,
        0.10416666666666663,
        0.4095238095238095
    ],
    [
        0.7642276422764227,
        0.751004016064257,
        0.8083333333333333,
        0.8034188034188035,
        0.8034188034188035,
        0.7443609022556391,
        0.7547892720306514,
        0.8,
        0.0,
        0.02604166666666663,
        0.6772334293948127,
        0.7883211678832117,
        0.8189655172413793,
        0.8189655172413793,
        0.8189655172413793,
        0.8189655172413793,
        0.8189655172413793,
        0.8189655172413793,
        0.8189655172413793,
        0.8189655172413793,
        0.7831325301204819,
        0.7569060773480663,
        0.8189655172413793,
        0.8189655172413793,
        0.8189655172413793,
        0.7674418604651163,
        0.6301886792452831,
        0.8703703703703703,
        0.817391304347826,
        0.817391304347826,
        0.817391304347826,
        0.817391304347826,
        0.817391304347826,
        0.817391304347826,
        0.817391304347826,
        0.817391304347826,
        0.817391304347826,
        0.817391304347826,
        0.817391304347826,
        0.817391304347826,
        0.817391304347826,
        0.7490196078431373,
        0.8050847457627118,
        0.6772334293948127,
        0.7642276422764227,
        0.7443609022556391,
        0.8,
        0.8189655172413793,
        0.817391304347826,
        0.817391304347826,
        0.817391304347826,
        0.817391304347826,
        0.817391304347826,
        0.817391304347826,
        0.817391304347826,
        0.817391304347826,
        0.817391304347826,
        0.817391304347826,
        0.817391304347826,
        0.817391304347826,
        0.817391304347826,
        0.817391304347826,
        0.7397769516728625,
        0.7863247863247863,
        0.6772334293948127,
        0.6772334293948127,
        0.817391304347826,
        0.817391304347826,
        0.817391304347826,
        0.817391304347826,
        0.817391304347826,
        0.817391304347826,
        0.817391304347826,
        0.817391304347826,
        0.817391304347826,
        0.817391304347826,
        0.817391304347826,
        0.817391304347826,
        0.817391304347826,
        0.817391304347826,
        0.817391304347826,
        0.817391304347826,
        0.817391304347826,
        0.817391304347826,
        0.817391304347826,
        0.817391304347826,
        0.817391304347826,
        0.817391304347826,
        0.817391304347826,
        0.817391304347826,
        0.817391304347826,
        0.817391304347826,
        0.817391304347826,
        0.817391304347826,
        0.817391304347826,
        0.817391304347826,
        0.817391304347826,
        0.817391304347826,
        0.817391304347826,
        0.817391304347826,
        0.817391304347826,
        0.817391304347826,
        0.817391304347826,
        0.817391304347826,
        0.7704918032786885,
        0.7560975609756098,
        0.7670682730923695,
        0.7670682730923695,
        0.8,
        0.751004016064257
    ],
    [
        0.7642276422764227,
        0.751004016064257,
        0.8083333333333333,
        0.8034188034188035,
        0.8034188034188035,
        0.7443609022556391,
        0.7547892720306514,
        0.8,
        0.02604166666666663,
        0.0,
        0.6772334293948127,
        0.7883211678832117,
        0.8189655172413793,
        0.8189655172413793,
        0.8189655172413793,
        0.8189655172413793,
        0.8189655172413793,
        0.8189655172413793,
        0.8189655172413793,
        0.8189655172413793,
        0.7751004016064257,
        0.7569060773480663,
        0.8189655172413793,
        0.8189655172413793,
        0.8189655172413793,
        0.7674418604651163,
        0.6301886792452831,
        0.8703703703703703,
        0.817391304347826,
        0.817391304347826,
        0.817391304347826,
        0.817391304347826,
        0.817391304347826,
        0.817391304347826,
        0.817391304347826,
        0.817391304347826,
        0.817391304347826,
        0.817391304347826,
        0.817391304347826,
        0.817391304347826,
        0.817391304347826,
        0.7490196078431373,
        0.8135593220338984,
        0.6772334293948127,
        0.7642276422764227,
        0.7443609022556391,
        0.8,
        0.8189655172413793,
        0.817391304347826,
        0.817391304347826,
        0.817391304347826,
        0.817391304347826,
        0.817391304347826,
        0.817391304347826,
        0.817391304347826,
        0.817391304347826,
        0.817391304347826,
        0.817391304347826,
        0.817391304347826,
        0.817391304347826,
        0.817391304347826,
        0.817391304347826,
        0.7472118959107807,
        0.7948717948717949,
        0.6772334293948127,
        0.6772334293948127,
        0.817391304347826,
        0.817391304347826,
        0.817391304347826,
        0.817391304347826,
        0.817391304347826,
        0.817391304347826,
        0.817391304347826,
        0.817391304347826,
        0.817391304347826,
        0.817391304347826,
        0.817391304347826,
        0.817391304347826,
        0.817391304347826,
        0.817391304347826,
        0.817391304347826,
        0.817391304347826,
        0.817391304347826,
        0.817391304347826,
        0.817391304347826,
        0.817391304347826,
        0.817391304347826,
        0.817391304347826,
        0.817391304347826,
        0.817391304347826,
        0.817391304347826,
        0.817391304347826,
        0.817391304347826,
        0.817391304347826,
        0.817391304347826,
        0.817391304347826,
        0.817391304347826,
        0.817391304347826,
        0.817391304347826,
        0.817391304347826,
        0.817391304347826,
        0.817391304347826,
        0.817391304347826,
        0.817391304347826,
        0.7704918032786885,
        0.7560975609756098,
        0.7670682730923695,
        0.7670682730923695,
        0.8,
        0.751004016064257
    ],
    [
        0.7320574162679425,
        0.7547169811320755,
        0.7733990147783252,
        0.7766497461928934,
        0.7766497461928934,
        0.7641921397379913,
        0.7589285714285714,
        0.7733990147783252,
        0.6772334293948127,
        0.6772334293948127,
        0.0,
        0.7805907172995781,
        0.8051282051282052,
        0.8051282051282052,
        0.8051282051282052,
        0.8051282051282052,
        0.8051282051282052,
        0.8051282051282052,
        0.8051282051282052,
        0.8051282051282052,
        0.7452830188679245,
        0.716923076923077,
        0.8051282051282052,
        0.8051282051282052,
        0.8051282051282052,
        0.7194570135746606,
        0.42105263157894735,
        0.8547486033519553,
        0.7823834196891192,
        0.7823834196891192,
        0.7823834196891192,
        0.7823834196891192,
        0.7823834196891192,
        0.7823834196891192,
        0.7823834196891192,
        0.7823834196891192,
        0.7823834196891192,
        0.7823834196891192,
        0.7823834196891192,
        0.7823834196891192,
        0.7823834196891192,
        0.7431192660550459,
        0.778894472361809,
        0.02580645161290318,
        0.7416267942583732,
        0.7641921397379913,
        0.7733990147783252,
        0.8051282051282052,
        0.7823834196891192,
        0.7823834196891192,
        0.7823834196891192,
        0.7823834196891192,
        0.7823834196891192,
        0.7823834196891192,
        0.7823834196891192,
        0.7823834196891192,
        0.7823834196891192,
        0.7823834196891192,
        0.7823834196891192,
        0.7823834196891192,
        0.7823834196891192,
        0.7823834196891192,
        0.6896551724137931,
        0.7766497461928934,
        0.01935483870967747,
        0.01935483870967747,
        0.7823834196891192,
        0.7823834196891192,
        0.7823834196891192,
        0.7823834196891192,
        0.7823834196891192,
        0.7823834196891192,
        0.7823834196891192,
        0.7823834196891192,
        0.7823834196891192,
        0.7823834196891192,
        0.7823834196891192,
        0.7823834196891192,
        0.7823834196891192,
        0.7823834196891192,
        0.7823834196891192,
        0.7823834196891192,
        0.7823834196891192,
        0.7823834196891192,
        0.7823834196891192,
        0.7823834196891192,
        0.7823834196891192,
        0.7823834196891192,
        0.7823834196891192,
        0.7823834196891192,
        0.7823834196891192,
        0.7823834196891192,
        0.7823834196891192,
        0.7823834196891192,
        0.7823834196891192,
        0.7823834196891192,
        0.7823834196891192,
        0.7823834196891192,
        0.7823834196891192,
        0.7823834196891192,
        0.7823834196891192,
        0.7823834196891192,
        0.7823834196891192,
        0.7823834196891192,
        0.7584541062801933,
        0.7416267942583732,
        0.7547169811320755,
        0.7547169811320755,
        0.7733990147783252,
        0.7641509433962264
    ],
    [
        0.7058823529411764,
        0.7266187050359711,
        0.7384615384615385,
        0.7419354838709677,
        0.7419354838709677,
        0.717948717948718,
        0.7086092715231789,
        0.7230769230769231,
        0.7883211678832117,
        0.7883211678832117,
        0.7805907172995781,
        0.0,
        0.7704918032786885,
        0.7704918032786885,
        0.7704918032786885,
        0.7704918032786885,
        0.7704918032786885,
        0.7704918032786885,
        0.7704918032786885,
        0.7704918032786885,
        0.7410071942446044,
        0.7698412698412699,
        0.7704918032786885,
        0.7704918032786885,
        0.7704918032786885,
        0.7162162162162162,
        0.7677419354838709,
        0.7735849056603774,
        0.75,
        0.75,
        0.75,
        0.75,
        0.75,
        0.75,
        0.75,
        0.75,
        0.75,
        0.75,
        0.75,
        0.75,
        0.75,
        0.7379310344827585,
        0.746031746031746,
        0.7805907172995781,
        0.7058823529411764,
        0.717948717948718,
        0.7538461538461538,
        0.7704918032786885,
        0.75,
        0.75,
        0.75,
        0.75,
        0.75,
        0.75,
        0.75,
        0.75,
        0.75,
        0.75,
        0.75,
        0.75,
        0.75,
        0.75,
        0.7610062893081762,
        0.7419354838709677,
        0.7805907172995781,
        0.7805907172995781,
        0.75,
        0.75,
        0.75,
        0.75,
        0.75,
        0.75,
        0.75,
        0.75,
        0.75,
        0.75,
        0.75,
        0.75,
        0.75,
        0.75,
        0.75,
        0.75,
        0.75,
        0.75,
        0.75,
        0.75,
        0.75,
        0.75,
        0.75,
        0.75,
        0.75,
        0.75,
        0.75,
        0.75,
        0.75,
        0.75,
        0.75,
        0.75,
        0.75,
        0.75,
        0.75,
        0.75,
        0.75,
        0.75,
        0.7313432835820896,
        0.6911764705882353,
        0.697841726618705,
        0.697841726618705,
        0.7538461538461538,
        0.7410071942446044
    ],
    [
        0.6595744680851063,
        0.6288659793814433,
        0.6363636363636364,
        0.6341463414634146,
        0.6341463414634146,
        0.6842105263157895,
        0.6697247706422018,
        0.6363636363636364,
        0.8189655172413793,
        0.8189655172413793,
        0.8051282051282052,
        0.7704918032786885,
        0.0,
        0.0,
        0.0,
        0.0,
        0.0,
        0.0,
        0.0,
        0.0,
        0.6907216494845361,
        0.780952380952381,
        0.0,
        0.0,
        0.0,
        0.6981132075471699,
        0.752212389380531,
        0.65625,
        0.6923076923076923,
        0.6923076923076923,
        0.6923076923076923,
        0.6923076923076923,
        0.6923076923076923,
        0.6923076923076923,
        0.6923076923076923,
        0.6923076923076923,
        0.6923076923076923,
        0.6923076923076923,
        0.6923076923076923,
        0.6923076923076923,
        0.6923076923076923,
        0.6310679611650485,
        0.6190476190476191,
        0.8051282051282052,
        0.6595744680851063,
        0.6842105263157895,
        0.6363636363636364,
        0.0,
        0.6923076923076923,
        0.6923076923076923,
        0.6923076923076923,
        0.6923076923076923,
        0.6923076923076923,
        0.6923076923076923,
        0.6923076923076923,
        0.6923076923076923,
        0.6923076923076923,
        0.6923076923076923,
        0.6923076923076923,
        0.6923076923076923,
        0.6923076923076923,
        0.6923076923076923,
        0.6752136752136753,
        0.6341463414634146,
        0.8051282051282052,
        0.8051282051282052,
        0.6923076923076923,
        0.6923076923076923,
        0.6923076923076923,
        0.6923076923076923,
        0.6923076923076923,
        0.6923076923076923,
        0.6923076923076923,
        0.6923076923076923,
        0.6923076923076923,
        0.6923076923076923,
        0.6923076923076923,
        0.6923076923076923,
        0.6923076923076923,
        0.6923076923076923,
        0.6923076923076923,
        0.6923076923076923,
        0.6923076923076923,
        0.6923076923076923,
        0.6923076923076923,
        0.6923076923076923,
        0.6923076923076923,
        0.6923076923076923,
        0.6923076923076923,
        0.6923076923076923,
        0.6923076923076923,
        0.6923076923076923,
        0.6923076923076923,
        0.6923076923076923,
        0.6923076923076923,
        0.6923076923076923,
        0.6923076923076923,
        0.6923076923076923,
        0.6923076923076923,
        0.6923076923076923,
        0.6923076923076923,
        0.6923076923076923,
        0.6923076923076923,
        0.6923076923076923,
        0.6304347826086957,
        0.6595744680851063,
        0.6701030927835052,
        0.6701030927835052,
        0.6363636363636364,
        0.6288659793814433
    ],
    [
        0.6595744680851063,
        0.6288659793814433,
        0.6363636363636364,
        0.6341463414634146,
        0.6341463414634146,
        0.6842105263157895,
        0.6697247706422018,
        0.6363636363636364,
        0.8189655172413793,
        0.8189655172413793,
        0.8051282051282052,
        0.7704918032786885,
        0.0,
        0.0,
        0.0,
        0.0,
        0.0,
        0.0,
        0.0,
        0.0,
        0.6907216494845361,
        0.780952380952381,
        0.0,
        0.0,
        0.0,
        0.6981132075471699,
        0.752212389380531,
        0.65625,
        0.6923076923076923,
        0.6923076923076923,
        0.6923076923076923,
        0.6923076923076923,
        0.6923076923076923,
        0.6923076923076923,
        0.6923076923076923,
        0.6923076923076923,
        0.6923076923076923,
        0.6923076923076923,
        0.6923076923076923,
        0.6923076923076923,
        0.6923076923076923,
        0.6310679611650485,
        0.6190476190476191,
        0.8051282051282052,
        0.6595744680851063,
        0.6842105263157895,
        0.6363636363636364,
        0.0,
        0.6923076923076923,
        0.6923076923076923,
        0.6923076923076923,
        0.6923076923076923,
        0.6923076923076923,
        0.6923076923076923,
        0.6923076923076923,
        0.6923076923076923,
        0.6923076923076923,
        0.6923076923076923,
        0.6923076923076923,
        0.6923076923076923,
        0.6923076923076923,
        0.6923076923076923,
        0.6752136752136753,
        0.6341463414634146,
        0.8051282051282052,
        0.8051282051282052,
        0.6923076923076923,
        0.6923076923076923,
        0.6923076923076923,
        0.6923076923076923,
        0.6923076923076923,
        0.6923076923076923,
        0.6923076923076923,
        0.6923076923076923,
        0.6923076923076923,
        0.6923076923076923,
        0.6923076923076923,
        0.6923076923076923,
        0.6923076923076923,
        0.6923076923076923,
        0.6923076923076923,
        0.6923076923076923,
        0.6923076923076923,
        0.6923076923076923,
        0.6923076923076923,
        0.6923076923076923,
        0.6923076923076923,
        0.6923076923076923,
        0.6923076923076923,
        0.6923076923076923,
        0.6923076923076923,
        0.6923076923076923,
        0.6923076923076923,
        0.6923076923076923,
        0.6923076923076923,
        0.6923076923076923,
        0.6923076923076923,
        0.6923076923076923,
        0.6923076923076923,
        0.6923076923076923,
        0.6923076923076923,
        0.6923076923076923,
        0.6923076923076923,
        0.6923076923076923,
        0.6304347826086957,
        0.6595744680851063,
        0.6701030927835052,
        0.6701030927835052,
        0.6363636363636364,
        0.6288659793814433
    ],
    [
        0.6595744680851063,
        0.6288659793814433,
        0.6363636363636364,
        0.6341463414634146,
        0.6341463414634146,
        0.6842105263157895,
        0.6697247706422018,
        0.6363636363636364,
        0.8189655172413793,
        0.8189655172413793,
        0.8051282051282052,
        0.7704918032786885,
        0.0,
        0.0,
        0.0,
        0.0,
        0.0,
        0.0,
        0.0,
        0.0,
        0.6907216494845361,
        0.780952380952381,
        0.0,
        0.0,
        0.0,
        0.6981132075471699,
        0.752212389380531,
        0.65625,
        0.6923076923076923,
        0.6923076923076923,
        0.6923076923076923,
        0.6923076923076923,
        0.6923076923076923,
        0.6923076923076923,
        0.6923076923076923,
        0.6923076923076923,
        0.6923076923076923,
        0.6923076923076923,
        0.6923076923076923,
        0.6923076923076923,
        0.6923076923076923,
        0.6310679611650485,
        0.6190476190476191,
        0.8051282051282052,
        0.6595744680851063,
        0.6842105263157895,
        0.6363636363636364,
        0.0,
        0.6923076923076923,
        0.6923076923076923,
        0.6923076923076923,
        0.6923076923076923,
        0.6923076923076923,
